'a' []
'ac' []
'ć' [0, 11, 15, 16, 23, 27, 29, 30, 32, 33, 38, 41, 50, 55, 57, 58, 64, 73, 76, 77, 79, 85, 90, 91, 92, 93, 94, 95, 96, 97, 98, 99, 100, 101, 102, 103, 107, 120, 121, 123, 129, 130, 135, 139, 142, 146, 156, 158, 159, 178, 196, 198, 208, 209, 217, 226, 231, 243, 248, 250, 251, 253, 256, 258, 260, 263, 264, 266, 268, 270, 272, 274, 276, 278, 280, 282, 284, 285, 288, 290, 291, 300, 308, 322, 323, 325, 326, 334, 336, 342, 349, 354, 355, 362, 369, 370, 377, 379, 381]
'ćć' [15, 29, 32, 57, 76, 90, 91, 92, 93, 94, 95, 96, 97, 98, 99, 100, 101, 102, 120, 129, 158, 208, 250, 263, 284, 290, 322, 325, 354, 369]
'ććć' [90, 91, 92, 93, 94, 95, 96, 97, 98, 99, 100, 101]
'ćcć' [77, 196, 264, 266, 268, 270, 272, 274, 276, 278, 280, 282, 323]
'ćę' [16, 27, 30, 64, 139, 142, 146, 209, 243, 256, 260, 291, 300, 336, 349, 381]
'eeą' [104, 108, 304]
'ceąę' [113]
'eęccę' []
