'😊' []
'😊❤' []
'😍' [0, 2, 5, 9, 10, 13, 15, 21, 22, 38, 41, 42, 54, 55, 57, 58, 66, 72, 75, 79, 80, 81, 83, 84, 85, 86, 87, 88, 89, 90, 91, 92, 94, 97, 98, 99, 100, 101, 103, 119, 131, 133, 138, 141, 147, 152, 154, 155, 158, 159, 167, 183, 198, 199, 205, 207, 212, 214, 215, 217, 222, 237, 238, 241, 245, 254, 255, 256, 258, 260, 262, 264, 266, 268, 270, 272, 274, 276, 278, 280, 282, 284, 285, 287, 294, 295, 302, 306, 311, 319, 322, 330, 338, 339, 340, 341, 344, 345, 355, 357, 360, 364]
'😍😍' [9, 21, 41, 54, 57, 79, 80, 83, 84, 85, 86, 87, 88, 89, 90, 91, 97, 98, 99, 100, 154, 158, 198, 214, 237, 254, 255, 284, 294, 338, 339, 340, 344]
'😍😍😍' [79, 83, 84, 85, 86, 87, 88, 89, 90, 97, 98, 99, 254, 338, 339]
'😍❤😍' [13, 81, 215, 256, 258, 260, 262, 264, 266, 268, 270, 272, 274, 276, 278, 280, 282]
'😍😍' [9, 21, 41, 54, 57, 79, 80, 83, 84, 85, 86, 87, 88, 89, 90, 91, 97, 98, 99, 100, 154, 158, 198, 214, 237, 254, 255, 284, 294, 338, 339, 340, 344]
'🤣🤣😂' [62, 105, 120, 168, 186, 209, 251, 297]
'😂😂😂🤣' [24]
'😍🤣😍😂😂' [285]
